-1.00 0.20 0.33 
 -1.00 0.20 0.33 
 -1.00 0.20 0.33 
 -1.00 0.20 0.33 
 -1.00 0.20 0.33 
 -1.00 0.20 0.33 
 -1.00 0.20 0.33 
 0.00 1.20 1.33 
 0.00 1.20 1.33 
 0.00 1.20 1.33 
 0.00 0.20 1.33 
 0.00 0.20 1.33 
 0.00 0.20 1.33 
 0.00 0.20 1.33 
 0.00 0.20 1.33 
 1.00 1.20 2.33 
 1.00 1.20 2.33 
 0.00 1.20 2.33 
 0.00 1.20 2.33 
 0.00 1.20 2.33 
 0.00 1.20 1.33 
 0.00 1.20 1.33 
 0.00 1.20 1.33 
 1.00 2.20 2.33 
 1.00 2.20 2.33 
 1.00 2.20 2.33 
 1.00 1.20 2.33 
 1.00 1.20 2.33 
 1.00 1.20 2.33 
 0.00 1.20 1.33 
 0.00 1.20 1.33 
 1.00 2.20 2.33 
 1.00 2.20 2.33 
 1.00 2.20 2.33 
 1.00 2.20 2.33 
 0.00 1.20 2.33 
 0.00 1.20 2.33 
 0.00 1.20 2.33 
 0.00 1.20 2.33 
 1.00 2.20 3.33 
 1.00 2.20 3.33 
 1.00 2.20 3.33 
 1.00 2.20 3.33 
 0.00 1.20 3.33 
 0.00 1.20 3.33 
 0.00 1.20 3.33 
 0.00 0.20 2.33 
 1.00 1.20 3.33 
 1.00 1.20 3.33 
 1.00 1.20 3.33 
 1.00 1.20 3.33 
 1.00 1.20 3.33 
 1.00 1.20 3.33 
 0.00 1.20 2.33 
 0.00 1.20 2.33 
 1.00 2.20 3.33 
 1.00 2.20 3.33 
 1.00 2.20 3.33 
 1.00 2.20 3.33 
 1.00 2.20 3.33 
 1.00 2.20 3.33 
 0.00 2.20 2.33 
 0.00 2.20 2.33 
 1.00 3.20 3.33 
 1.00 3.20 3.33 
 1.00 3.20 3.33 
 1.00 3.20 3.33 
 0.00 2.20 3.33 
 0.00 2.20 3.33 
 0.00 2.20 3.33 
 0.00 1.20 2.33 
 1.00 2.20 3.33 
 1.00 2.20 3.33 
 1.00 2.20 3.33 
 1.00 2.20 3.33 
 1.00 2.20 3.33 
 1.00 2.20 3.33 
 1.00 2.20 3.33 
 1.00 1.20 2.33 
 2.00 2.20 3.33 
 2.00 2.20 3.33 
 2.00 2.20 3.33 
 2.00 2.20 3.33 
 2.00 2.20 3.33 
 2.00 2.20 3.33 
 1.00 2.20 2.33 
 1.00 2.20 2.33 
 2.00 3.20 3.33 
 2.00 3.20 3.33 
 2.00 3.20 3.33 
 2.00 3.20 3.33 
 1.00 2.20 3.33 
 1.00 2.20 3.33 
 1.00 2.20 3.33 
 1.00 2.20 3.33 
 1.00 2.20 3.33 
 1.00 2.20 3.33 
 1.00 2.20 3.33 
 1.00 2.20 3.33 
 1.00 2.20 3.33 
 1.00 2.20 3.33 
 1.00 2.20 3.33 
 1.00 2.20 3.33 
 1.00 2.20 3.33 
 1.00 2.20 3.33 
 1.00 2.20 3.33 
 1.00 2.20 3.33 
 1.00 2.20 3.33 
 1.00 2.20 3.33 
 1.00 2.20 3.33 
 1.00 2.20 3.33 
 1.00 2.20 3.33 
 1.00 2.20 3.33 
 1.00 2.20 3.33 
 1.00 2.20 3.33 
 1.00 2.20 3.33 
 1.00 2.20 3.33 
 1.00 2.20 3.33 
 1.00 2.20 3.33 
 1.00 2.20 3.33 
 1.00 2.20 3.33 
 1.00 2.20 3.33 
 1.00 2.20 3.33 
 1.00 2.20 3.33 
 1.00 2.20 3.33 
 1.00 2.20 3.33 
 1.00 2.20 3.33 
 1.00 2.20 3.33 
 1.00 2.20 3.33 
 1.00 2.20 3.33 
 1.00 2.20 3.33 
 1.00 2.20 3.33 
 1.00 2.20 3.33 
 1.00 2.20 3.33 
 1.00 2.20 3.33 
 1.00 2.20 3.33 
 1.00 2.20 3.33 
 1.00 2.20 3.33 
 1.00 2.20 3.33 
 1.00 2.20 3.33 
 1.00 2.20 3.33 
 1.00 2.20 3.33 
 1.00 2.20 3.33 
 1.00 2.20 3.33 
 1.00 2.20 3.33 
 1.00 2.20 3.33 
 1.00 2.20 3.33 
 1.00 2.20 3.33 
 1.00 2.20 3.33 
 1.00 2.20 3.33 
 1.00 2.20 3.33 
 1.00 2.20 3.33 
 1.00 2.20 3.33 
 1.00 2.20 3.33 
 1.00 2.20 3.33 
 1.00 2.20 3.33 
 1.00 2.20 3.33 
 1.00 2.20 3.33 
 1.00 2.20 3.33 
 1.00 2.20 3.33 
 1.00 2.20 3.33 
 1.00 2.20 3.33 
 1.00 2.20 3.33 
 1.00 2.20 3.33 
 1.00 2.20 3.33 
 1.00 2.20 3.33 
 1.00 2.20 3.33 
 1.00 2.20 3.33 
 1.00 2.20 3.33 
 1.00 2.20 3.33 
 1.00 2.20 3.33 
 1.00 2.20 3.33 
 1.00 2.20 3.33 
 1.00 2.20 3.33 
 1.00 2.20 3.33 
 1.00 2.20 3.33 
 1.00 2.20 3.33 
 1.00 2.20 3.33 
 1.00 2.20 3.33 
 1.00 2.20 3.33 
 1.00 2.20 3.33 
 1.00 2.20 3.33 
 1.00 2.20 3.33 
 1.00 2.20 3.33 
 1.00 2.20 3.33 
 1.00 2.20 3.33 
 1.00 2.20 3.33 
 1.00 2.20 3.33 
 1.00 2.20 3.33 
 1.00 2.20 3.33 
 1.00 2.20 3.33 
 1.00 2.20 3.33 
 1.00 2.20 3.33 
 1.00 2.20 3.33 
 1.00 2.20 3.33 
 1.00 2.20 3.33 
 1.00 2.20 3.33 
 1.00 2.20 3.33 
 1.00 2.20 3.33 
 1.00 2.20 3.33 
 1.00 2.20 3.33 
 1.00 2.20 3.33 
 1.00 2.20 3.33 
 1.00 2.20 3.33 
 1.00 2.20 3.33 
 1.00 2.20 3.33 
 1.00 2.20 3.33 
 1.00 2.20 3.33 
 1.00 2.20 3.33 
 1.00 2.20 3.33 
 1.00 2.20 3.33 
 1.00 2.20 3.33 
 1.00 2.20 3.33 
 1.00 2.20 3.33 
 1.00 2.20 3.33 
 1.00 2.20 3.33 
 1.00 2.20 3.33 
 1.00 2.20 3.33 
 1.00 2.20 3.33 
 1.00 2.20 3.33 
 1.00 2.20 3.33 
 1.00 2.20 3.33 
 1.00 2.20 3.33 
 1.00 2.20 3.33 
 1.00 2.20 3.33 
 1.00 2.20 3.33 
 1.00 2.20 3.33 
 1.00 2.20 3.33 
 1.00 2.20 3.33 
 1.00 2.20 3.33 
 1.00 2.20 3.33 
 1.00 2.20 3.33 
 1.00 2.20 3.33 
 1.00 2.20 3.33 
 1.00 2.20 3.33 
 1.00 2.20 3.33 
 1.00 2.20 3.33 
 1.00 2.20 3.33 
 1.00 2.20 3.33 
 1.00 2.20 3.33 
 1.00 2.20 3.33 
 1.00 2.20 3.33 
 1.00 2.20 3.33 
 1.00 2.20 3.33 
 1.00 2.20 3.33 
 1.00 2.20 3.33 
 1.00 2.20 3.33 
 1.00 2.20 3.33 
 1.00 2.20 3.33 
 1.00 2.20 3.33 
 1.00 2.20 3.33 
 1.00 2.20 3.33 
 1.00 2.20 3.33 
 1.00 2.20 3.33 
 1.00 2.20 3.33 
 1.00 2.20 3.33 
 1.00 2.20 3.33 
 1.00 2.20 3.33 
 1.00 2.20 3.33 
 1.00 2.20 3.33 
 1.00 2.20 3.33 
 1.00 2.20 3.33 
 1.00 2.20 3.33 
 1.00 2.20 3.33 
 1.00 2.20 3.33 
 1.00 2.20 3.33 
 1.00 2.20 3.33 
 1.00 2.20 3.33 
 1.00 2.20 3.33 
 1.00 2.20 3.33 
 1.00 2.20 3.33 
 1.00 2.20 3.33 
 1.00 2.20 3.33 
 1.00 2.20 3.33 
 1.00 2.20 3.33 
 1.00 2.20 3.33 
 1.00 2.20 3.33 
 1.00 2.20 3.33 
 1.00 2.20 3.33 
 1.00 2.20 3.33 
 1.00 2.20 3.33 
 1.00 2.20 3.33 
 1.00 2.20 3.33 
 1.00 2.20 3.33 
 1.00 2.20 3.33 
 1.00 2.20 3.33 
 1.00 2.20 3.33 
 1.00 2.20 3.33 
 1.00 2.20 3.33 
 1.00 2.20 3.33 
 1.00 2.20 3.33 
 1.00 2.20 3.33 
 1.00 2.20 3.33 
 1.00 2.20 3.33 
 1.00 2.20 3.33 
 1.00 2.20 3.33 
 1.00 2.20 3.33 
 1.00 2.20 3.33 
 1.00 2.20 3.33 
 1.00 2.20 3.33 
 1.00 2.20 3.33 
 1.00 2.20 3.33 
 1.00 2.20 3.33 
 1.00 2.20 3.33 
 1.00 2.20 3.33 
 1.00 2.20 3.33 
 1.00 2.20 3.33 
 1.00 2.20 3.33 
 1.00 2.20 3.33 
 1.00 2.20 3.33 
 1.00 2.20 3.33 
 1.00 2.20 3.33 
 1.00 2.20 3.33 
 1.00 2.20 3.33 
 1.00 2.20 3.33 
 1.00 2.20 3.33 
 1.00 2.20 3.33 
 1.00 2.20 3.33 
 1.00 2.20 3.33 
 1.00 2.20 3.33 
 1.00 2.20 3.33 
 1.00 2.20 3.33 
 1.00 2.20 3.33 
 1.00 2.20 3.33 
 1.00 2.20 3.33 
 1.00 2.20 3.33 
 1.00 2.20 3.33 
 1.00 2.20 3.33 
 1.00 2.20 3.33 
 1.00 2.20 3.33 
 1.00 2.20 3.33 
 1.00 2.20 3.33 
 1.00 2.20 3.33 
 1.00 2.20 3.33 
 1.00 2.20 3.33 
 1.00 2.20 3.33 
 1.00 2.20 3.33 
 1.00 2.20 3.33 
 1.00 2.20 3.33 
 1.00 2.20 3.33 
 1.00 2.20 3.33 
 1.00 2.20 3.33 
 1.00 2.20 3.33 
 1.00 2.20 3.33 
 1.00 2.20 3.33 
 1.00 2.20 3.33 
 1.00 2.20 3.33 
 1.00 2.20 3.33 
 1.00 2.20 3.33 
 1.00 2.20 3.33 
 1.00 2.20 3.33 
 1.00 2.20 3.33 
 1.00 2.20 3.33 
 1.00 2.20 3.33 
 1.00 2.20 3.33 
 1.00 2.20 3.33 
 1.00 2.20 3.33 
 1.00 2.20 3.33 
 1.00 2.20 3.33 
 1.00 2.20 3.33 
 1.00 2.20 3.33 
 1.00 2.20 3.33 
 1.00 2.20 3.33 
 1.00 2.20 3.33 
 1.00 2.20 3.33 
 1.00 2.20 3.33 
 1.00 2.20 3.33 
 1.00 2.20 3.33 
 1.00 2.20 3.33 
 1.00 2.20 3.33 
 1.00 2.20 3.33 
 1.00 2.20 3.33 
 1.00 2.20 3.33 
 1.00 2.20 3.33 
 1.00 2.20 3.33 
 1.00 2.20 3.33 
 1.00 2.20 3.33 
 1.00 2.20 3.33 
 1.00 2.20 3.33 
 1.00 2.20 3.33 
 1.00 2.20 3.33 
 1.00 2.20 3.33 
 1.00 2.20 3.33 
 1.00 2.20 3.33 
 1.00 2.20 3.33 
 1.00 2.20 3.33 
 1.00 2.20 3.33 
 1.00 2.20 3.33 
 1.00 2.20 3.33 
 1.00 2.20 3.33 
 1.00 2.20 3.33 
 1.00 2.20 3.33 
 1.00 2.20 3.33 
 1.00 2.20 3.33 
 1.00 2.20 3.33 
 1.00 2.20 3.33 
 1.00 2.20 3.33 
 1.00 2.20 3.33 
 1.00 2.20 3.33 
 1.00 2.20 3.33 
 1.00 2.20 3.33 
 1.00 2.20 3.33 
 1.00 2.20 3.33 
 1.00 2.20 3.33 
 1.00 2.20 3.33 
 1.00 2.20 3.33 
 1.00 2.20 3.33 
 1.00 2.20 3.33 
 1.00 2.20 3.33 
 1.00 2.20 3.33 
 1.00 2.20 3.33 
 1.00 2.20 3.33 
 1.00 2.20 3.33 
 1.00 2.20 3.33 
 1.00 2.20 3.33 
 1.00 2.20 3.33 
 1.00 2.20 3.33 
 1.00 2.20 3.33 
 1.00 2.20 3.33 
 1.00 2.20 3.33 
 1.00 2.20 3.33 
 1.00 2.20 3.33 
 1.00 2.20 3.33 
 1.00 2.20 3.33 
 1.00 2.20 3.33 
 1.00 2.20 3.33 
 1.00 2.20 3.33 
 1.00 2.20 3.33 
 1.00 2.20 3.33 
 1.00 2.20 3.33 
 1.00 2.20 3.33 
 1.00 2.20 3.33 
 1.00 2.20 3.33 
 1.00 2.20 3.33 
 1.00 2.20 3.33 
 1.00 2.20 3.33 
 1.00 2.20 3.33 
 1.00 2.20 3.33 
 1.00 2.20 3.33 
 1.00 2.20 3.33 
 1.00 2.20 3.33 
 1.00 2.20 3.33 
 1.00 2.20 3.33 
 1.00 2.20 3.33 
 1.00 2.20 3.33 
 1.00 2.20 3.33 
 1.00 2.20 3.33 
 1.00 2.20 3.33 
 1.00 2.20 3.33 
 1.00 2.20 3.33 
 1.00 2.20 3.33 
 1.00 2.20 3.33 
 1.00 2.20 3.33 
 1.00 2.20 3.33 
 1.00 2.20 3.33 
 1.00 2.20 3.33 
 1.00 2.20 3.33 
 1.00 2.20 3.33 
 1.00 2.20 3.33 
 1.00 2.20 3.33 
 1.00 2.20 3.33 
 1.00 2.20 3.33 
 1.00 2.20 3.33 
 1.00 2.20 3.33 
 1.00 2.20 3.33 
 1.00 2.20 3.33 
 1.00 2.20 3.33 
 1.00 2.20 3.33 
 1.00 2.20 3.33 
 1.00 2.20 3.33 
 1.00 2.20 3.33 
 1.00 2.20 3.33 
 1.00 2.20 3.33 
 1.00 2.20 3.33 
 1.00 2.20 3.33 
 1.00 2.20 3.33 
 1.00 2.20 3.33 
 1.00 2.20 3.33 
 1.00 2.20 3.33 
 1.00 2.20 3.33 
 1.00 2.20 3.33 
 1.00 2.20 3.33 
 1.00 2.20 3.33 
 1.00 2.20 3.33 
 1.00 2.20 3.33 
 1.00 2.20 3.33 
 1.00 2.20 3.33 
 1.00 2.20 3.33 
 1.00 2.20 3.33 
 1.00 2.20 3.33 
 1.00 2.20 3.33 
 1.00 2.20 3.33 
 1.00 2.20 3.33 
 1.00 2.20 3.33 
 1.00 2.20 3.33 
 1.00 2.20 3.33 
 1.00 2.20 3.33 
 1.00 2.20 3.33 
 1.00 2.20 3.33 
 1.00 2.20 3.33 
 1.00 2.20 3.33 
 1.00 2.20 3.33 
 1.00 2.20 3.33 
 1.00 2.20 3.33 
 1.00 2.20 3.33 
 1.00 2.20 3.33 
 1.00 2.20 3.33 
 1.00 2.20 3.33 
 1.00 2.20 3.33 
 1.00 2.20 3.33 
 1.00 2.20 3.33 
 1.00 2.20 3.33 
 1.00 2.20 3.33 
 1.00 2.20 3.33 
 1.00 2.20 3.33 
 1.00 2.20 3.33 
 1.00 2.20 3.33 
 1.00 2.20 3.33 
 1.00 2.20 3.33 
 1.00 2.20 3.33 
 1.00 2.20 3.33 
 1.00 2.20 3.33 
 1.00 2.20 3.33 
 1.00 2.20 3.33 
 1.00 2.20 3.33 
 1.00 2.20 3.33 
 1.00 2.20 3.33 
 1.00 2.20 3.33 
 1.00 2.20 3.33 
 1.00 2.20 3.33 
 1.00 2.20 3.33 
 1.00 2.20 3.33 
 1.00 2.20 3.33 
 1.00 2.20 3.33 
 1.00 2.20 3.33 
 1.00 2.20 3.33 
 1.00 2.20 3.33 
 1.00 2.20 3.33 
 1.00 2.20 3.33 
 1.00 2.20 3.33 
 1.00 2.20 3.33 
 1.00 2.20 3.33 
 1.00 2.20 3.33 
 1.00 2.20 3.33 
 1.00 2.20 3.33 
 1.00 2.20 3.33 
 1.00 2.20 3.33 
 1.00 2.20 3.33 
 1.00 2.20 3.33 
 1.00 2.20 3.33 
 1.00 2.20 3.33 
 1.00 2.20 3.33 
 1.00 2.20 3.33 
 1.00 2.20 3.33 
 1.00 2.20 3.33 
 1.00 2.20 3.33 
 1.00 2.20 3.33 
 1.00 2.20 3.33 
 1.00 2.20 3.33 
 1.00 2.20 3.33 
 1.00 2.20 3.33 
 1.00 2.20 3.33 
 1.00 2.20 3.33 
 1.00 2.20 3.33 
 1.00 2.20 3.33 
 1.00 2.20 3.33 
 1.00 2.20 3.33 
 1.00 2.20 3.33 
 1.00 2.20 3.33 
 1.00 2.20 3.33 
 1.00 2.20 3.33 
 1.00 2.20 3.33 
 1.00 2.20 3.33 
 1.00 2.20 3.33 
 1.00 2.20 3.33 
 1.00 2.20 3.33 
 1.00 2.20 3.33 
 1.00 2.20 3.33 
 1.00 2.20 3.33 
 1.00 2.20 3.33 
 1.00 2.20 3.33 
 1.00 2.20 3.33 
 1.00 2.20 3.33 
 1.00 2.20 3.33 
 1.00 2.20 3.33 
 1.00 2.20 3.33 
 1.00 2.20 3.33 
 1.00 2.20 3.33 
 1.00 2.20 3.33 
 1.00 2.20 3.33 
 1.00 2.20 3.33 
 1.00 2.20 3.33 
 1.00 2.20 3.33 
 1.00 2.20 3.33 
 1.00 2.20 3.33 
 1.00 2.20 3.33 
 1.00 2.20 3.33 
 1.00 2.20 3.33 
 1.00 2.20 3.33 
 1.00 2.20 3.33 
 1.00 2.20 3.33 
 1.00 2.20 3.33 
 1.00 2.20 3.33 
 1.00 2.20 3.33 
 1.00 2.20 3.33 
 1.00 2.20 3.33 
 1.00 2.20 3.33 
 1.00 2.20 3.33 
 1.00 2.20 3.33 
 1.00 2.20 3.33 
 1.00 2.20 3.33 
 1.00 2.20 3.33 
 1.00 2.20 3.33 
 1.00 2.20 3.33 
 1.00 2.20 3.33 
 1.00 2.20 3.33 
 1.00 2.20 3.33 
 1.00 2.20 3.33 
 1.00 2.20 3.33 
 1.00 2.20 3.33 
 1.00 2.20 3.33 
 1.00 2.20 3.33 
 1.00 2.20 3.33 
 1.00 2.20 3.33 
 1.00 2.20 3.33 
 1.00 2.20 3.33 
 1.00 2.20 3.33 
 1.00 2.20 3.33 
 1.00 2.20 3.33 
 1.00 2.20 3.33 
 1.00 2.20 3.33 
 1.00 2.20 3.33 
 1.00 2.20 3.33 
 1.00 2.20 3.33 
 1.00 2.20 3.33 
 1.00 2.20 3.33 
 1.00 2.20 3.33 
 1.00 2.20 3.33 
 1.00 2.20 3.33 
 1.00 2.20 3.33 
 1.00 2.20 3.33 
 1.00 2.20 3.33 
 1.00 2.20 3.33 
 1.00 2.20 3.33 
 1.00 2.20 3.33 
 1.00 2.20 3.33 
 1.00 2.20 3.33 
 1.00 2.20 3.33 
 1.00 2.20 3.33 
 1.00 2.20 3.33 
 1.00 2.20 3.33 
 1.00 2.20 3.33 
 1.00 2.20 3.33 
 1.00 2.20 3.33 
 1.00 2.20 3.33 
 1.00 2.20 3.33 
 1.00 2.20 3.33 
 1.00 2.20 3.33 
 1.00 2.20 3.33 
 1.00 2.20 3.33 
 1.00 2.20 3.33 
 1.00 2.20 3.33 
 1.00 2.20 3.33 
 1.00 2.20 3.33 
 1.00 2.20 3.33 
 1.00 2.20 3.33 
 1.00 2.20 3.33 
 1.00 2.20 3.33 
 1.00 2.20 3.33 
 1.00 2.20 3.33 
 1.00 2.20 3.33 
 1.00 2.20 3.33 
 1.00 2.20 3.33 
 1.00 2.20 3.33 
 1.00 2.20 3.33 
 1.00 2.20 3.33 
 1.00 2.20 3.33 
 1.00 2.20 3.33 
 1.00 2.20 3.33 
 1.00 2.20 3.33 
 1.00 2.20 3.33 
 1.00 2.20 3.33 
 1.00 2.20 3.33 
 1.00 2.20 3.33 
 1.00 2.20 3.33 
 1.00 2.20 3.33 
 1.00 2.20 3.33 
 1.00 2.20 3.33 
 1.00 2.20 3.33 
 1.00 2.20 3.33 
 1.00 2.20 3.33 
 1.00 2.20 3.33 
 1.00 2.20 3.33 
 1.00 2.20 3.33 
 1.00 2.20 3.33 
 1.00 2.20 3.33 
 1.00 2.20 3.33 
 1.00 2.20 3.33 
 1.00 2.20 3.33 
 1.00 2.20 3.33 
 1.00 2.20 3.33 
 1.00 2.20 3.33 
 1.00 2.20 3.33 
 1.00 2.20 3.33 
 1.00 2.20 3.33 
 1.00 2.20 3.33 
 1.00 2.20 3.33 
 1.00 2.20 3.33 
 1.00 2.20 3.33 
 1.00 2.20 3.33 
 1.00 2.20 3.33 
 1.00 2.20 3.33 
 1.00 2.20 3.33 
 1.00 2.20 3.33 
 1.00 2.20 3.33 
 1.00 2.20 3.33 
 1.00 2.20 3.33 
 1.00 2.20 3.33 
 1.00 2.20 3.33 
 1.00 2.20 3.33 
 1.00 2.20 3.33 
 1.00 2.20 3.33 
 1.00 2.20 3.33 
 1.00 2.20 3.33 
 1.00 2.20 3.33 
 1.00 2.20 3.33 
 1.00 2.20 3.33 
 1.00 2.20 3.33 
 1.00 2.20 3.33 
 1.00 2.20 3.33 
 1.00 2.20 3.33 
 1.00 2.20 3.33 
 1.00 2.20 3.33 
 1.00 2.20 3.33 
 1.00 2.20 3.33 
 1.00 2.20 3.33 
 1.00 2.20 3.33 
 1.00 2.20 3.33 
 1.00 2.20 3.33 
 1.00 2.20 3.33 
 1.00 2.20 3.33 
 1.00 2.20 3.33 
 1.00 2.20 3.33 
 1.00 2.20 3.33 
 1.00 2.20 3.33 
 1.00 2.20 3.33 
 1.00 2.20 3.33 
 1.00 2.20 3.33 
 1.00 2.20 3.33 
 1.00 2.20 3.33 
 1.00 2.20 3.33 
 1.00 2.20 3.33 
 1.00 2.20 3.33 
 1.00 2.20 3.33 
 1.00 2.20 3.33 
 1.00 2.20 3.33 
 1.00 2.20 3.33 
 1.00 2.20 3.33 
 1.00 2.20 3.33 
 1.00 2.20 3.33 
 1.00 2.20 3.33 
 1.00 2.20 3.33 
 1.00 2.20 3.33 
 1.00 2.20 3.33 
 1.00 2.20 3.33 
 1.00 2.20 3.33 
 1.00 2.20 3.33 
 1.00 2.20 3.33 
 1.00 2.20 3.33 
 1.00 2.20 3.33 
 1.00 2.20 3.33 
 1.00 2.20 3.33 
 1.00 2.20 3.33 
 1.00 2.20 3.33 
 1.00 2.20 3.33 
 1.00 2.20 3.33 
 1.00 2.20 3.33 
 1.00 2.20 3.33 
 1.00 2.20 3.33 
 1.00 2.20 3.33 
 1.00 2.20 3.33 
 1.00 2.20 3.33 
 1.00 2.20 3.33 
 1.00 2.20 3.33 
 1.00 2.20 3.33 
 1.00 2.20 3.33 
 1.00 2.20 3.33 
 1.00 2.20 3.33 
 1.00 2.20 3.33 
 1.00 2.20 3.33 
 1.00 2.20 3.33 
 1.00 2.20 3.33 
 1.00 2.20 3.33 
 1.00 2.20 3.33 
 1.00 2.20 3.33 
 1.00 2.20 3.33 
 1.00 2.20 3.33 
 1.00 2.20 3.33 
 1.00 2.20 3.33 
 1.00 2.20 3.33 
 