0.00 1.00 1.00 
 0.00 1.00 1.00 
 0.00 1.00 1.00 
 0.00 0.40 1.00 
 0.12 0.52 1.00 
 0.12 0.52 0.69 
 0.11 0.52 0.68 
 0.11 0.28 0.44 
 0.83 1.01 1.16 
 0.83 1.01 1.16 
 0.41 1.01 1.16 
 0.41 0.73 1.16 
 0.22 0.54 1.16 
 0.22 0.54 1.08 
 0.11 0.54 0.96 
 0.11 0.37 0.79 
 0.78 1.04 1.46 
 0.78 1.04 1.46 
 0.48 1.04 1.46 
 0.48 0.77 1.46 
 0.25 0.53 1.46 
 0.25 0.53 1.24 
 0.14 0.53 1.14 
 0.14 0.38 0.99 
 0.78 1.02 1.62 
 0.78 1.02 1.62 
 0.54 1.02 1.62 
 0.54 0.78 1.62 
 0.26 0.50 1.62 
 0.26 0.50 1.33 
 0.16 0.50 1.23 
 0.16 0.38 1.10 
 0.77 0.98 1.70 
 0.77 0.98 1.70 
 0.56 0.98 1.70 
 0.56 0.77 1.70 
 0.27 0.48 1.70 
 0.27 0.48 1.36 
 0.18 0.48 1.27 
 0.18 0.37 1.16 
 0.76 0.95 1.74 
 0.76 0.95 1.74 
 0.56 0.95 1.74 
 0.56 0.76 1.74 
 0.26 0.46 1.74 
 0.26 0.46 1.37 
 0.18 0.46 1.29 
 0.18 0.36 1.19 
 0.75 0.93 1.76 
 0.75 0.93 1.76 
 0.57 0.93 1.76 
 0.57 0.75 1.76 
 0.26 0.44 1.76 
 0.26 0.44 1.37 
 0.18 0.44 1.29 
 0.18 0.35 1.20 
 0.75 0.92 1.76 
 0.75 0.92 1.76 
 0.56 0.92 1.76 
 0.56 0.74 1.76 
 0.26 0.44 1.76 
 0.26 0.44 1.37 
 0.18 0.44 1.29 
 0.18 0.35 1.20 
 0.75 0.91 1.76 
 0.75 0.91 1.76 
 0.56 0.91 1.76 
 0.56 0.74 1.76 
 0.26 0.43 1.76 
 0.26 0.43 1.36 
 0.18 0.43 1.29 
 0.18 0.34 1.20 
 0.75 0.91 1.76 
 0.75 0.91 1.76 
 0.56 0.91 1.76 
 0.56 0.74 1.76 
 0.26 0.43 1.76 
 0.26 0.43 1.36 
 0.18 0.43 1.29 
 0.18 0.34 1.20 
 0.74 0.91 1.76 
 0.74 0.91 1.76 
 0.56 0.91 1.76 
 0.56 0.74 1.76 
 0.26 0.43 1.76 
 0.26 0.43 1.36 
 0.18 0.43 1.29 
 0.18 0.34 1.20 
 0.74 0.91 1.76 
 0.74 0.91 1.76 
 0.56 0.91 1.76 
 0.56 0.74 1.76 
 0.26 0.43 1.76 
 0.26 0.43 1.36 
 0.18 0.43 1.28 
 0.18 0.34 1.19 
 0.74 0.91 1.76 
 0.74 0.91 1.76 
 0.56 0.91 1.76 
 0.56 0.74 1.76 
 0.26 0.43 1.76 
 0.26 0.43 1.36 
 0.18 0.43 1.28 
 0.18 0.34 1.19 
 0.74 0.91 1.76 
 0.74 0.91 1.76 
 0.56 0.91 1.76 
 0.56 0.74 1.76 
 0.26 0.43 1.76 
 0.26 0.43 1.36 
 0.18 0.43 1.28 
 0.18 0.34 1.19 
 0.74 0.91 1.76 
 0.74 0.91 1.76 
 0.56 0.91 1.76 
 0.56 0.74 1.76 
 0.26 0.43 1.76 
 0.26 0.43 1.36 
 0.18 0.43 1.28 
 0.18 0.34 1.19 
 0.74 0.91 1.76 
 0.74 0.91 1.76 
 0.56 0.91 1.76 
 0.56 0.74 1.76 
 0.26 0.43 1.76 
 0.26 0.43 1.36 
 0.18 0.43 1.28 
 0.18 0.34 1.19 
 0.74 0.91 1.76 
 0.74 0.91 1.76 
 0.56 0.91 1.76 
 0.56 0.74 1.76 
 0.26 0.43 1.76 
 0.26 0.43 1.36 
 0.18 0.43 1.28 
 0.18 0.34 1.19 
 0.74 0.91 1.76 
 0.74 0.91 1.76 
 0.56 0.91 1.76 
 0.56 0.74 1.76 
 0.26 0.43 1.76 
 0.26 0.43 1.36 
 0.18 0.43 1.28 
 0.18 0.34 1.19 
 0.74 0.91 1.76 
 0.74 0.91 1.76 
 0.56 0.91 1.76 
 0.56 0.74 1.76 
 0.26 0.43 1.76 
 0.26 0.43 1.36 
 0.18 0.43 1.28 
 0.18 0.34 1.19 
 0.74 0.91 1.76 
 0.74 0.91 1.76 
 0.56 0.91 1.76 
 0.56 0.74 1.76 
 0.26 0.43 1.76 
 0.26 0.43 1.36 
 0.18 0.43 1.28 
 0.18 0.34 1.19 
 0.74 0.91 1.76 
 0.74 0.91 1.76 
 0.56 0.91 1.76 
 0.56 0.74 1.76 
 0.26 0.43 1.76 
 0.26 0.43 1.36 
 0.18 0.43 1.28 
 0.18 0.34 1.19 
 0.74 0.91 1.76 
 0.74 0.91 1.76 
 0.56 0.91 1.76 
 0.56 0.74 1.76 
 0.26 0.43 1.76 
 0.26 0.43 1.36 
 0.18 0.43 1.28 
 0.18 0.34 1.19 
 0.74 0.91 1.76 
 0.74 0.91 1.76 
 0.56 0.91 1.76 
 0.56 0.74 1.76 
 0.26 0.43 1.76 
 0.26 0.43 1.36 
 0.18 0.43 1.28 
 0.18 0.34 1.19 
 0.74 0.91 1.76 
 0.74 0.91 1.76 
 0.56 0.91 1.76 
 0.56 0.74 1.76 
 0.26 0.43 1.76 
 0.26 0.43 1.36 
 0.18 0.43 1.28 
 0.18 0.34 1.19 
 0.74 0.91 1.76 
 0.74 0.91 1.76 
 0.56 0.91 1.76 
 0.56 0.74 1.76 
 0.26 0.43 1.76 
 0.26 0.43 1.36 
 0.18 0.43 1.28 
 0.18 0.34 1.19 
 0.74 0.91 1.76 
 0.74 0.91 1.76 
 0.56 0.91 1.76 
 0.56 0.74 1.76 
 0.26 0.43 1.76 
 0.26 0.43 1.36 
 0.18 0.43 1.28 
 0.18 0.34 1.19 
 0.74 0.91 1.76 
 0.74 0.91 1.76 
 0.56 0.91 1.76 
 0.56 0.74 1.76 
 0.26 0.43 1.76 
 0.26 0.43 1.36 
 0.18 0.43 1.28 
 0.18 0.34 1.19 
 0.74 0.91 1.76 
 0.74 0.91 1.76 
 0.56 0.91 1.76 
 0.56 0.74 1.76 
 0.26 0.43 1.76 
 0.26 0.43 1.36 
 0.18 0.43 1.28 
 0.18 0.34 1.19 
 0.74 0.91 1.76 
 0.74 0.91 1.76 
 0.56 0.91 1.76 
 0.56 0.74 1.76 
 0.26 0.43 1.76 
 0.26 0.43 1.36 
 0.18 0.43 1.28 
 0.18 0.34 1.19 
 0.74 0.91 1.76 
 0.74 0.91 1.76 
 0.56 0.91 1.76 
 0.56 0.74 1.76 
 0.26 0.43 1.76 
 0.26 0.43 1.36 
 0.18 0.43 1.28 
 0.18 0.34 1.19 
 0.74 0.91 1.76 
 0.74 0.91 1.76 
 0.56 0.91 1.76 
 0.56 0.74 1.76 
 0.26 0.43 1.76 
 0.26 0.43 1.36 
 0.18 0.43 1.28 
 0.18 0.34 1.19 
 0.74 0.91 1.76 
 0.74 0.91 1.76 
 0.56 0.91 1.76 
 0.56 0.74 1.76 
 0.26 0.43 1.76 
 0.26 0.43 1.36 
 0.18 0.43 1.28 
 0.18 0.34 1.19 
 0.74 0.91 1.76 
 0.74 0.91 1.76 
 0.56 0.91 1.76 
 0.56 0.74 1.76 
 0.26 0.43 1.76 
 0.26 0.43 1.36 
 0.18 0.43 1.28 
 0.18 0.34 1.19 
 0.74 0.91 1.76 
 0.74 0.91 1.76 
 0.56 0.91 1.76 
 0.56 0.74 1.76 
 0.26 0.43 1.76 
 0.26 0.43 1.36 
 0.18 0.43 1.28 
 0.18 0.34 1.19 
 0.74 0.91 1.76 
 0.74 0.91 1.76 
 0.56 0.91 1.76 
 0.56 0.74 1.76 
 0.26 0.43 1.76 
 0.26 0.43 1.36 
 0.18 0.43 1.28 
 0.18 0.34 1.19 
 0.74 0.91 1.76 
 0.74 0.91 1.76 
 0.56 0.91 1.76 
 0.56 0.74 1.76 
 0.26 0.43 1.76 
 0.26 0.43 1.36 
 0.18 0.43 1.28 
 0.18 0.34 1.19 
 0.74 0.91 1.76 
 0.74 0.91 1.76 
 0.56 0.91 1.76 
 0.56 0.74 1.76 
 0.26 0.43 1.76 
 0.26 0.43 1.36 
 0.18 0.43 1.28 
 0.18 0.34 1.19 
 0.74 0.91 1.76 
 0.74 0.91 1.76 
 0.56 0.91 1.76 
 0.56 0.74 1.76 
 0.26 0.43 1.76 
 0.26 0.43 1.36 
 0.18 0.43 1.28 
 0.18 0.34 1.19 
 0.74 0.91 1.76 
 0.74 0.91 1.76 
 0.56 0.91 1.76 
 0.56 0.74 1.76 
 0.26 0.43 1.76 
 0.26 0.43 1.36 
 0.18 0.43 1.28 
 0.18 0.34 1.19 
 0.74 0.91 1.76 
 0.74 0.91 1.76 
 0.56 0.91 1.76 
 0.56 0.74 1.76 
 0.26 0.43 1.76 
 0.26 0.43 1.36 
 0.18 0.43 1.28 
 0.18 0.34 1.19 
 0.74 0.91 1.76 
 0.74 0.91 1.76 
 0.56 0.91 1.76 
 0.56 0.74 1.76 
 0.26 0.43 1.76 
 0.26 0.43 1.36 
 0.18 0.43 1.28 
 0.18 0.34 1.19 
 0.74 0.91 1.76 
 0.74 0.91 1.76 
 0.56 0.91 1.76 
 0.56 0.74 1.76 
 0.26 0.43 1.76 
 0.26 0.43 1.36 
 0.18 0.43 1.28 
 0.18 0.34 1.19 
 0.74 0.91 1.76 
 0.74 0.91 1.76 
 0.56 0.91 1.76 
 0.56 0.74 1.76 
 0.26 0.43 1.76 
 0.26 0.43 1.36 
 0.18 0.43 1.28 
 0.18 0.34 1.19 
 0.74 0.91 1.76 
 0.74 0.91 1.76 
 0.56 0.91 1.76 
 0.56 0.74 1.76 
 0.26 0.43 1.76 
 0.26 0.43 1.36 
 0.18 0.43 1.28 
 0.18 0.34 1.19 
 0.74 0.91 1.76 
 0.74 0.91 1.76 
 0.56 0.91 1.76 
 0.56 0.74 1.76 
 0.26 0.43 1.76 
 0.26 0.43 1.36 
 0.18 0.43 1.28 
 0.18 0.34 1.19 
 0.74 0.91 1.76 
 0.74 0.91 1.76 
 0.56 0.91 1.76 
 0.56 0.74 1.76 
 0.26 0.43 1.76 
 0.26 0.43 1.36 
 0.18 0.43 1.28 
 0.18 0.34 1.19 
 0.74 0.91 1.76 
 0.74 0.91 1.76 
 0.56 0.91 1.76 
 0.56 0.74 1.76 
 0.26 0.43 1.76 
 0.26 0.43 1.36 
 0.18 0.43 1.28 
 0.18 0.34 1.19 
 0.74 0.91 1.76 
 0.74 0.91 1.76 
 0.56 0.91 1.76 
 0.56 0.74 1.76 
 0.26 0.43 1.76 
 0.26 0.43 1.36 
 0.18 0.43 1.28 
 0.18 0.34 1.19 
 0.74 0.91 1.76 
 0.74 0.91 1.76 
 0.56 0.91 1.76 
 0.56 0.74 1.76 
 0.26 0.43 1.76 
 0.26 0.43 1.36 
 0.18 0.43 1.28 
 0.18 0.34 1.19 
 0.74 0.91 1.76 
 0.74 0.91 1.76 
 0.56 0.91 1.76 
 0.56 0.74 1.76 
 0.26 0.43 1.76 
 0.26 0.43 1.36 
 0.18 0.43 1.28 
 0.18 0.34 1.19 
 0.74 0.91 1.76 
 0.74 0.91 1.76 
 0.56 0.91 1.76 
 0.56 0.74 1.76 
 0.26 0.43 1.76 
 0.26 0.43 1.36 
 0.18 0.43 1.28 
 0.18 0.34 1.19 
 0.74 0.91 1.76 
 0.74 0.91 1.76 
 0.56 0.91 1.76 
 0.56 0.74 1.76 
 0.26 0.43 1.76 
 0.26 0.43 1.36 
 0.18 0.43 1.28 
 0.18 0.34 1.19 
 0.74 0.91 1.76 
 0.74 0.91 1.76 
 0.56 0.91 1.76 
 0.56 0.74 1.76 
 0.26 0.43 1.76 
 0.26 0.43 1.36 
 0.18 0.43 1.28 
 0.18 0.34 1.19 
 0.74 0.91 1.76 
 0.74 0.91 1.76 
 0.56 0.91 1.76 
 0.56 0.74 1.76 
 0.26 0.43 1.76 
 0.26 0.43 1.36 
 0.18 0.43 1.28 
 0.18 0.34 1.19 
 0.74 0.91 1.76 
 0.74 0.91 1.76 
 0.56 0.91 1.76 
 0.56 0.74 1.76 
 0.26 0.43 1.76 
 0.26 0.43 1.36 
 0.18 0.43 1.28 
 0.18 0.34 1.19 
 0.74 0.91 1.76 
 0.74 0.91 1.76 
 0.56 0.91 1.76 
 0.56 0.74 1.76 
 0.26 0.43 1.76 
 0.26 0.43 1.36 
 0.18 0.43 1.28 
 0.18 0.34 1.19 
 0.74 0.91 1.76 
 0.74 0.91 1.76 
 0.56 0.91 1.76 
 0.56 0.74 1.76 
 0.26 0.43 1.76 
 0.26 0.43 1.36 
 0.18 0.43 1.28 
 0.18 0.34 1.19 
 0.74 0.91 1.76 
 0.74 0.91 1.76 
 0.56 0.91 1.76 
 0.56 0.74 1.76 
 0.26 0.43 1.76 
 0.26 0.43 1.36 
 0.18 0.43 1.28 
 0.18 0.34 1.19 
 0.74 0.91 1.76 
 0.74 0.91 1.76 
 0.56 0.91 1.76 
 0.56 0.74 1.76 
 0.26 0.43 1.76 
 0.26 0.43 1.36 
 0.18 0.43 1.28 
 0.18 0.34 1.19 
 0.74 0.91 1.76 
 0.74 0.91 1.76 
 0.56 0.91 1.76 
 0.56 0.74 1.76 
 0.26 0.43 1.76 
 0.26 0.43 1.36 
 0.18 0.43 1.28 
 0.18 0.34 1.19 
 0.74 0.91 1.76 
 0.74 0.91 1.76 
 0.56 0.91 1.76 
 0.56 0.74 1.76 
 0.26 0.43 1.76 
 0.26 0.43 1.36 
 0.18 0.43 1.28 
 0.18 0.34 1.19 
 0.74 0.91 1.76 
 0.74 0.91 1.76 
 0.56 0.91 1.76 
 0.56 0.74 1.76 
 0.26 0.43 1.76 
 0.26 0.43 1.36 
 0.18 0.43 1.28 
 0.18 0.34 1.19 
 0.74 0.91 1.76 
 0.74 0.91 1.76 
 0.56 0.91 1.76 
 0.56 0.74 1.76 
 0.26 0.43 1.76 
 0.26 0.43 1.36 
 0.18 0.43 1.28 
 0.18 0.34 1.19 
 0.74 0.91 1.76 
 0.74 0.91 1.76 
 0.56 0.91 1.76 
 0.56 0.74 1.76 
 0.26 0.43 1.76 
 0.26 0.43 1.36 
 0.18 0.43 1.28 
 0.18 0.34 1.19 
 0.74 0.91 1.76 
 0.74 0.91 1.76 
 0.56 0.91 1.76 
 0.56 0.74 1.76 
 0.26 0.43 1.76 
 0.26 0.43 1.36 
 0.18 0.43 1.28 
 0.18 0.34 1.19 
 0.74 0.91 1.76 
 0.74 0.91 1.76 
 0.56 0.91 1.76 
 0.56 0.74 1.76 
 0.26 0.43 1.76 
 0.26 0.43 1.36 
 0.18 0.43 1.28 
 0.18 0.34 1.19 
 0.74 0.91 1.76 
 0.74 0.91 1.76 
 0.56 0.91 1.76 
 0.56 0.74 1.76 
 0.26 0.43 1.76 
 0.26 0.43 1.36 
 0.18 0.43 1.28 
 0.18 0.34 1.19 
 0.74 0.91 1.76 
 0.74 0.91 1.76 
 0.56 0.91 1.76 
 0.56 0.74 1.76 
 0.26 0.43 1.76 
 0.26 0.43 1.36 
 0.18 0.43 1.28 
 0.18 0.34 1.19 
 0.74 0.91 1.76 
 0.74 0.91 1.76 
 0.56 0.91 1.76 
 0.56 0.74 1.76 
 0.26 0.43 1.76 
 0.26 0.43 1.36 
 0.18 0.43 1.28 
 0.18 0.34 1.19 
 0.74 0.91 1.76 
 0.74 0.91 1.76 
 0.56 0.91 1.76 
 0.56 0.74 1.76 
 0.26 0.43 1.76 
 0.26 0.43 1.36 
 0.18 0.43 1.28 
 0.18 0.34 1.19 
 0.74 0.91 1.76 
 0.74 0.91 1.76 
 0.56 0.91 1.76 
 0.56 0.74 1.76 
 0.26 0.43 1.76 
 0.26 0.43 1.36 
 0.18 0.43 1.28 
 0.18 0.34 1.19 
 0.74 0.91 1.76 
 0.74 0.91 1.76 
 0.56 0.91 1.76 
 0.56 0.74 1.76 
 0.26 0.43 1.76 
 0.26 0.43 1.36 
 0.18 0.43 1.28 
 0.18 0.34 1.19 
 0.74 0.91 1.76 
 0.74 0.91 1.76 
 0.56 0.91 1.76 
 0.56 0.74 1.76 
 0.26 0.43 1.76 
 0.26 0.43 1.36 
 0.18 0.43 1.28 
 0.18 0.34 1.19 
 0.74 0.91 1.76 
 0.74 0.91 1.76 
 0.56 0.91 1.76 
 0.56 0.74 1.76 
 0.26 0.43 1.76 
 0.26 0.43 1.36 
 0.18 0.43 1.28 
 0.18 0.34 1.19 
 0.74 0.91 1.76 
 0.74 0.91 1.76 
 0.56 0.91 1.76 
 0.56 0.74 1.76 
 0.26 0.43 1.76 
 0.26 0.43 1.36 
 0.18 0.43 1.28 
 0.18 0.34 1.19 
 0.74 0.91 1.76 
 0.74 0.91 1.76 
 0.56 0.91 1.76 
 0.56 0.74 1.76 
 0.26 0.43 1.76 
 0.26 0.43 1.36 
 0.18 0.43 1.28 
 0.18 0.34 1.19 
 0.74 0.91 1.76 
 0.74 0.91 1.76 
 0.56 0.91 1.76 
 0.56 0.74 1.76 
 0.26 0.43 1.76 
 0.26 0.43 1.36 
 0.18 0.43 1.28 
 0.18 0.34 1.19 
 0.74 0.91 1.76 
 0.74 0.91 1.76 
 0.56 0.91 1.76 
 0.56 0.74 1.76 
 0.26 0.43 1.76 
 0.26 0.43 1.36 
 0.18 0.43 1.28 
 0.18 0.34 1.19 
 0.74 0.91 1.76 
 0.74 0.91 1.76 
 0.56 0.91 1.76 
 0.56 0.74 1.76 
 0.26 0.43 1.76 
 0.26 0.43 1.36 
 0.18 0.43 1.28 
 0.18 0.34 1.19 
 0.74 0.91 1.76 
 0.74 0.91 1.76 
 0.56 0.91 1.76 
 0.56 0.74 1.76 
 0.26 0.43 1.76 
 0.26 0.43 1.36 
 0.18 0.43 1.28 
 0.18 0.34 1.19 
 0.74 0.91 1.76 
 0.74 0.91 1.76 
 0.56 0.91 1.76 
 0.56 0.74 1.76 
 0.26 0.43 1.76 
 0.26 0.43 1.36 
 0.18 0.43 1.28 
 0.18 0.34 1.19 
 0.74 0.91 1.76 
 0.74 0.91 1.76 
 0.56 0.91 1.76 
 0.56 0.74 1.76 
 0.26 0.43 1.76 
 0.26 0.43 1.36 
 0.18 0.43 1.28 
 0.18 0.34 1.19 
 0.74 0.91 1.76 
 0.74 0.91 1.76 
 0.56 0.91 1.76 
 0.56 0.74 1.76 
 0.26 0.43 1.76 
 0.26 0.43 1.36 
 0.18 0.43 1.28 
 0.18 0.34 1.19 
 0.74 0.91 1.76 
 0.74 0.91 1.76 
 0.56 0.91 1.76 
 0.56 0.74 1.76 
 0.26 0.43 1.76 
 0.26 0.43 1.36 
 0.18 0.43 1.28 
 0.18 0.34 1.19 
 0.74 0.91 1.76 
 0.74 0.91 1.76 
 0.56 0.91 1.76 
 0.56 0.74 1.76 
 0.26 0.43 1.76 
 0.26 0.43 1.36 
 0.18 0.43 1.28 
 0.18 0.34 1.19 
 0.74 0.91 1.76 
 0.74 0.91 1.76 
 0.56 0.91 1.76 
 0.56 0.74 1.76 
 0.26 0.43 1.76 
 0.26 0.43 1.36 
 0.18 0.43 1.28 
 0.18 0.34 1.19 
 0.74 0.91 1.76 
 0.74 0.91 1.76 
 0.56 0.91 1.76 
 0.56 0.74 1.76 
 0.26 0.43 1.76 
 0.26 0.43 1.36 
 0.18 0.43 1.28 
 0.18 0.34 1.19 
 0.74 0.91 1.76 
 0.74 0.91 1.76 
 0.56 0.91 1.76 
 0.56 0.74 1.76 
 0.26 0.43 1.76 
 0.26 0.43 1.36 
 0.18 0.43 1.28 
 0.18 0.34 1.19 
 0.74 0.91 1.76 
 0.74 0.91 1.76 
 0.56 0.91 1.76 
 0.56 0.74 1.76 
 0.26 0.43 1.76 
 0.26 0.43 1.36 
 0.18 0.43 1.28 
 0.18 0.34 1.19 
 0.74 0.91 1.76 
 0.74 0.91 1.76 
 0.56 0.91 1.76 
 0.56 0.74 1.76 
 0.26 0.43 1.76 
 0.26 0.43 1.36 
 0.18 0.43 1.28 
 0.18 0.34 1.19 
 0.74 0.91 1.76 
 0.74 0.91 1.76 
 0.56 0.91 1.76 
 0.56 0.74 1.76 
 0.26 0.43 1.76 
 0.26 0.43 1.36 
 0.18 0.43 1.28 
 0.18 0.34 1.19 
 0.74 0.91 1.76 
 0.74 0.91 1.76 
 0.56 0.91 1.76 
 0.56 0.74 1.76 
 0.26 0.43 1.76 
 0.26 0.43 1.36 
 0.18 0.43 1.28 
 0.18 0.34 1.19 
 0.74 0.91 1.76 
 0.74 0.91 1.76 
 0.56 0.91 1.76 
 0.56 0.74 1.76 
 0.26 0.43 1.76 
 0.26 0.43 1.36 
 0.18 0.43 1.28 
 0.18 0.34 1.19 
 0.74 0.91 1.76 
 0.74 0.91 1.76 
 0.56 0.91 1.76 
 0.56 0.74 1.76 
 0.26 0.43 1.76 
 0.26 0.43 1.36 
 0.18 0.43 1.28 
 0.18 0.34 1.19 
 0.74 0.91 1.76 
 0.74 0.91 1.76 
 0.56 0.91 1.76 
 0.56 0.74 1.76 
 0.26 0.43 1.76 
 0.26 0.43 1.36 
 0.18 0.43 1.28 
 0.18 0.34 1.19 
 0.74 0.91 1.76 
 0.74 0.91 1.76 
 0.56 0.91 1.76 
 0.56 0.74 1.76 
 0.26 0.43 1.76 
 0.26 0.43 1.36 
 0.18 0.43 1.28 
 0.18 0.34 1.19 
 0.74 0.91 1.76 
 0.74 0.91 1.76 
 0.56 0.91 1.76 
 0.56 0.74 1.76 
 0.26 0.43 1.76 
 0.26 0.43 1.36 
 0.18 0.43 1.28 
 0.18 0.34 1.19 
 0.74 0.91 1.76 
 0.74 0.91 1.76 
 0.56 0.91 1.76 
 0.56 0.74 1.76 
 0.26 0.43 1.76 
 0.26 0.43 1.36 
 0.18 0.43 1.28 
 0.18 0.34 1.19 
 0.74 0.91 1.76 
 0.74 0.91 1.76 
 0.56 0.91 1.76 
 0.56 0.74 1.76 
 0.26 0.43 1.76 
 0.26 0.43 1.36 
 0.18 0.43 1.28 
 0.18 0.34 1.19 
 0.74 0.91 1.76 
 0.74 0.91 1.76 
 0.56 0.91 1.76 
 0.56 0.74 1.76 
 0.26 0.43 1.76 
 0.26 0.43 1.36 
 0.18 0.43 1.28 
 0.18 0.34 1.19 
 0.74 0.91 1.76 
 0.74 0.91 1.76 
 0.56 0.91 1.76 
 0.56 0.74 1.76 
 0.26 0.43 1.76 
 0.26 0.43 1.36 
 0.18 0.43 1.28 
 0.18 0.34 1.19 
 0.74 0.91 1.76 
 