1.00 0.00 0.00 1.00 
 -0.30 0.18 -0.07 -0.38 
 -0.47 0.25 -0.03 -0.61 
 -0.51 0.25 -0.01 -0.64 
 -0.53 0.24 -0.00 -0.64 
 -0.54 0.23 0.00 -0.64 
 -0.54 0.23 0.01 -0.64 
 -0.54 0.23 0.01 -0.64 
 -0.54 0.23 0.01 -0.64 
 -0.54 0.23 0.01 -0.64 
 -0.54 0.23 0.01 -0.64 
 -0.54 0.23 0.01 -0.64 
 -0.54 0.23 0.01 -0.64 
 -0.54 0.23 0.01 -0.64 
 -0.54 0.23 0.01 -0.64 
 -0.54 0.23 0.01 -0.64 
 -0.54 0.23 0.01 -0.64 
 -0.54 0.23 0.01 -0.64 
 -0.54 0.23 0.01 -0.64 
 -0.54 0.23 0.01 -0.64 
 -0.54 0.23 0.01 -0.64 
 -0.54 0.23 0.01 -0.64 
 -0.54 0.23 0.01 -0.64 
 -0.54 0.23 0.01 -0.64 
 -0.54 0.23 0.01 -0.64 
 -0.54 0.23 0.01 -0.64 
 -0.54 0.23 0.01 -0.64 
 -0.54 0.23 0.01 -0.64 
 -0.54 0.23 0.01 -0.64 
 -0.54 0.23 0.01 -0.64 
 -0.54 0.23 0.01 -0.64 
 -0.54 0.23 0.01 -0.64 
 -0.54 0.23 0.01 -0.64 
 -0.54 0.23 0.01 -0.64 
 -0.54 0.23 0.01 -0.64 
 -0.54 0.23 0.01 -0.64 
 -0.54 0.23 0.01 -0.64 
 -0.54 0.23 0.01 -0.64 
 -0.54 0.23 0.01 -0.64 
 -0.54 0.23 0.01 -0.64 
 -0.54 0.23 0.01 -0.64 
 -0.54 0.23 0.01 -0.64 
 -0.54 0.23 0.01 -0.64 
 -0.54 0.23 0.01 -0.64 
 -0.54 0.23 0.01 -0.64 
 -0.54 0.23 0.01 -0.64 
 -0.54 0.23 0.01 -0.64 
 -0.54 0.23 0.01 -0.64 
 -0.54 0.23 0.01 -0.64 
 -0.54 0.23 0.01 -0.64 
 -0.54 0.23 0.01 -0.64 
 -0.54 0.23 0.01 -0.64 
 -0.54 0.23 0.01 -0.64 
 -0.54 0.23 0.01 -0.64 
 -0.54 0.23 0.01 -0.64 
 -0.54 0.23 0.01 -0.64 
 -0.54 0.23 0.01 -0.64 
 -0.54 0.23 0.01 -0.64 
 -0.54 0.23 0.01 -0.64 
 -0.54 0.23 0.01 -0.64 
 -0.54 0.23 0.01 -0.64 
 -0.54 0.23 0.01 -0.64 
 -0.54 0.23 0.01 -0.64 
 -0.54 0.23 0.01 -0.64 
 -0.54 0.23 0.01 -0.64 
 -0.54 0.23 0.01 -0.64 
 -0.54 0.23 0.01 -0.64 
 -0.54 0.23 0.01 -0.64 
 -0.54 0.23 0.01 -0.64 
 -0.54 0.23 0.01 -0.64 
 -0.54 0.23 0.01 -0.64 
 -0.54 0.23 0.01 -0.64 
 -0.54 0.23 0.01 -0.64 
 -0.54 0.23 0.01 -0.64 
 -0.54 0.23 0.01 -0.64 
 -0.54 0.23 0.01 -0.64 
 -0.54 0.23 0.01 -0.64 
 -0.54 0.23 0.01 -0.64 
 -0.54 0.23 0.01 -0.64 
 -0.54 0.23 0.01 -0.64 
 -0.54 0.23 0.01 -0.64 
 -0.54 0.23 0.01 -0.64 
 -0.54 0.23 0.01 -0.64 
 -0.54 0.23 0.01 -0.64 
 -0.54 0.23 0.01 -0.64 
 -0.54 0.23 0.01 -0.64 
 -0.54 0.23 0.01 -0.64 
 -0.54 0.23 0.01 -0.64 
 -0.54 0.23 0.01 -0.64 
 -0.54 0.23 0.01 -0.64 
 -0.54 0.23 0.01 -0.64 
 -0.54 0.23 0.01 -0.64 
 -0.54 0.23 0.01 -0.64 
 -0.54 0.23 0.01 -0.64 
 -0.54 0.23 0.01 -0.64 
 -0.54 0.23 0.01 -0.64 
 -0.54 0.23 0.01 -0.64 
 -0.54 0.23 0.01 -0.64 
 -0.54 0.23 0.01 -0.64 
 -0.54 0.23 0.01 -0.64 
 -0.54 0.23 0.01 -0.64 
 